00000000000000000000000000000000
00000000000000000000000000000000
00000000000000000000000000000000
00000000000000000000000000000000
00000000000000000000000000000000
00000000000000000000000000000000
00000000000000000000000000000000
00000000000000000000000000000000
00000000000000000000000000000000
00000000000000000000000000000000
00000000000000000000000000000000
00000000000000000000011111111111
00000000001111111111100000000001
00000111110000011111100000111110
00111001110001100011100111000110
01011010010110100101101001011010
11001100110011001100110011001100
10101010101010101010101010101010
00000000000000000000000000000000
00000000000000000111111111111111
00000000111111111000000000111111
00001111000001111000001111000001
00110011000110011000110011000110
01010101001010101001010101001010
11110000011110000011110000011111
11001100011001110011001110011000
10101011010101001010101101010100
00011110000111100001111000011110
01100110011001100110011001100110
10101010101010101010101010101010
11001100110011001100110011001100
01100110011001100110011001100110
10101010101010101010110101010101
11001100111100110011001100110010
01100001100110000110011001011001
10010100101011010110110010101101
10101111011011110101000010101110
11110111000011101111000011001111
11110010110010110000101011001011
00000101110001011111101000000100
11110111000011101000111100110000
11110010001101001111010100001011
00001010001111011111100111111010
11001011000100001000011111001000
10010100001110000001001101111001
10101000100100010101000010010000
11001001000010000100100110110111
10010000100101111110100000101001
10001011010011010111001101001100
11010111000101100101011110101001
11110110111100011000111001001111
11101101001010110110101011010101
01111101010000110000001011000011
00110101110001010100011010000010
10110111011011001111101110110101
10110110000110110100111000100100
01100101101000101110010100100011
10110000101100011100100000110001
10001001010010010111011010001001
11010101001011011010101001101101
00111111110001110100000010000110
10110111010011101100111101110001
10110110011100011011011000110000
01101101011001001110011011011101
10111010101011110111101001110000
10001111000000001011110011100110
11111100101001101111000001011111
00101110000000110110100110100011
11101101010111010010000101111011
10111111000111011100101101011011
01110111100111011011011101000010
00111011101101000000100001010010
01010110000011000101101011110101
11100010110011111010010101101111
10001011001110110100000011100010
00010101100010001001100111110000
10111100100100001000010001001111
01100100001010111010100000001100
10100001000000101010110111000101
11011100111101111001101101101001
00100011100101011110111110001101
00010111101100110110001111001011
01110101100110011100110101111000
00111001011100000111001001010110
01011100110011100101101100110000
11101010110101000001010110010100
10001110011101100000100111110111
00101110000111111010001000011000
11101011110010000010011101101111
10011000001110110110110000111101
01000101101001111111011010000000
01111111001011001000011110010010
00111110111110000011100111000110
10100000100101100010101111010000
11001010110100000000000101001001
10001100000110011000110010100110
11101001111011100110111001101111
01010110011001111101101001100000
00100111000001001110110001011100
11111110011000101111001001011010
11101000110011001010010000010100
10001010001001100111001010011000
00000010110001000000001000000101
11000110110011111011010110110111
10101011011101111001111100010001
11010011101110011101010011111001
00011001001000010001111010011110
01010001011001100101101001100000
11011010110010000110001010101001
00000100010011011011011110101010
11100111101111000001010011111011
01111010101000011100111010111000
11000001101001001011001001011100
10010010010011100010011011101001
10000110111001010111001000011101
11100111000010110010011111101011
10110001001110011000001001100000
01010101000010001101111001110000
00111100001000001000111110000111
01100000001100110001111110110011
01001001101110010100010100000001
01011001011111011001001010011011
11011111010001010101001110000010
11111011110100000100010010001110
11011100101000101001101101111101
00101100100100110110101100110010
11101001010110000010010111111111
01010000111100111101110011110101
00000001001000111100110100000101
11011101011111111010100100111001
11111111000101010011111111001010
00111011101101000111000001010010
01010110110011000010010100110100
00100110111110101001010110100010
11100000101111001001010001111010
10000110011011001100011001110010
00101010101011001110101011110010
11001110010000000111101000011001
10101000110001010101000000000101
00001011110000111111111111111011
00011001111111011101001011100100
01011111110010101101111110110100
11111000111101101000101100110000
00000010110110001100100110111110
11000000010110101011010001011100
10001100011011101100000001110110
11100110010000100110110100000101
01100100011111111010111101100111
01100011111101111001110011110111
01010011101000110010000011100101
11010001000010111001101010101100
00011101100011101001101000110000
10111110100010000011010111001111
10101100101101110001100001010000
11101011100000001110101110111111
01011100010110110010001100011011
11101101000101011001010110101011
10110111011100010011011101110000
01111101011111001111110100111101
00110010001110110100011010111101
01000101101001111000100101111110
10110011000111101011010000011110
01010110011001101101110100011110
00100110001110101001001001100010
00100100010010001010001111110110
11100100110100100001000001101010
10101100010010001110011110010000
00101000101101000101110010001101
11001010001011111111111010001000
01001111001011000100010011101011
01111110011001011100101010000011
11101011100000011110101100111111
10010001100101110110100101101000
10011011010101000110100000101100
01011110100000101001001000100100
00101100100011101101100000001001
11101110000011011101110101101010
10100011111110000101000010111110
00011100110001101101011110100001
10100110001111011101010101000101
11101011001101111101100010101110
01011011000011101010010001110000
11010010001011000101001001101100
11000010110010101011000100110010
10001000010101000100010011110011
11000010011000010100111001100111
01000101011001111111000101000001
01110111000101010111101110101101
11110111110100110100001111001010
11111101100110001111000110011111
00111000000110110000101110000011
10001001110111010111011000100010
00011111111000000001111111100000
10110100101101001011010010110100
01100110011001100001111001100110
10101010011010101010101010010100
11000100110010101100111100001101
01100100011111111010100010011001
10101111000001011101000010111010
11111111000010001111001100001111
